population_size max_generation mutation_prob
200 100 0.4
99152000 1 1 1 99031000 99430000 99238000 1 1 1 
200 100 0.5
1 1 1 1 1 99035000 1 99485000 99486000 1 
200 100 0.6
1 1 99066000 99221000 1 1 1 1 99408000 1 
200 100 0.7
1 1 98247000 1 1 1 99167000 1 1 99585000 
200 100 0.8
1 1 1 1 1 1 99632000 1 1 1 
200 100 0.9
99191000 99355000 1 1 1 98901000 1 99731000 99840000 1 
200 200 0.4
1 1 98767000 1 99380000 99572000 99640000 99098000 99629000 1 
200 200 0.5
1 1 1 99443000 1 99548000 1 99294000 99324000 1 
200 200 0.6
99376000 98961000 99477000 1 1 98365000 99501000 98705000 1 97688000 
200 200 0.7
99304000 99494000 1 99177000 1 99575000 98741000 97782000 1 99222000 
200 200 0.8
99271000 99363000 1 1 99094000 99324000 98680000 98631000 1 1 
200 200 0.9
98596000 97941000 1 1 99784000 98619000 1 1 99358000 98670000 
200 300 0.4
98596000 99902000 98179000 1 99685000 99173000 99180000 1 99333000 99012000 
200 300 0.5
99420000 99196000 1 1 99509000 98122000 1 99445000 99277000 1 
200 300 0.6
99392000 1 99760000 99443000 99579000 99225000 99607000 1 97528000 1 
200 300 0.7
1 99319000 98669000 1 99337000 1 99595000 99353000 98683000 99409000 
200 300 0.8
1 99582000 99755000 99351000 99153000 98708000 99011000 1 99349000 99329000 
200 300 0.9
99759000 99424000 99453000 1 99676000 98938000 1 99436000 99466000 99727000 
400 100 0.4
1 99691000 1 99447000 1 1 99400000 1 1 1 
400 100 0.5
1 99518000 1 1 98917000 1 98870000 99251000 98927000 1 
400 100 0.6
99289000 99398000 99667000 1 1 1 99647000 1 1 99128000 
400 100 0.7
99176000 99342000 99592000 99469000 99536000 99589000 97227000 98547000 97144000 99158000 
400 100 0.8
1 99094000 98703000 99104000 99189000 97733000 99599000 99438000 1 99562000 
400 100 0.9
99624000 99527000 99645000 1 99389000 1 1 99141000 99744000 1 
400 200 0.4
99542000 99271000 99662000 99696000 99286000 99628000 1 99422000 1 99318000 
400 200 0.5
99218000 99244000 99583000 99203000 99261000 99111000 99623000 99747000 99622000 99422000 
400 200 0.6
99198000 1 99397000 1 99321000 99439000 99283000 1 1 99108000 
400 200 0.7
97491000 99171000 99175000 99758000 1 1 99568000 99431000 99233000 99405000 
400 200 0.8
99111000 99176000 98564000 99598000 99377000 99444000 1 98097000 1 1 
400 200 0.9
99577000 99535000 1 98987000 99004000 99317000 99631000 99776000 98549000 99594000 
400 300 0.4
99215000 99389000 1 99181000 99366000 99429000 99469000 99584000 99359000 99763000 
400 300 0.5
99522000 99608000 99575000 99352000 99138000 99489000 99555000 98543000 98811000 99289000 
400 300 0.6
99621000 99194000 99504000 99493000 97227000 99846000 99451000 99081000 99811000 99649000 
400 300 0.7
99266000 1 99528000 99577000 99282000 99451000 98816000 99538000 98980000 99811000 
400 300 0.8
98201000 99077000 98459000 99582000 99155000 1 99270000 1 99114000 1 
400 300 0.9
99731000 98972000 99182000 99639000 96917000 99476000 99357000 99147000 99322000 99663000 
600 100 0.4
99697000 1 99068000 99512000 99194000 99227000 96969000 99118000 99468000 98546000 
600 100 0.5
99573000 98809000 99536000 99075000 99890000 99052000 99167000 99159000 99210000 1 
600 100 0.6
1 99345000 99647000 99067000 99327000 99405000 1 98833000 99265000 99357000 
600 100 0.7
99687000 99238000 98879000 1 99152000 99402000 99550000 99557000 1 99279000 
600 100 0.8
99494000 99011000 1 99219000 99360000 98864000 99423000 98734000 99634000 99917000 
600 100 0.9
99235000 99754000 99119000 1 1 97587000 98990000 97776000 99530000 98992000 
600 200 0.4
99309000 99373000 99641000 99613000 99563000 99424000 99065000 99240000 99316000 99604000 
600 200 0.5
99493000 98540000 99595000 99551000 99693000 99497000 99582000 99562000 99573000 99493000 
600 200 0.6
1 1 99651000 99441000 99350000 99023000 99796000 99148000 99343000 99165000 
600 200 0.7
1 99854000 1 98966000 99448000 99804000 99227000 99698000 99777000 99745000 
600 200 0.8
99207000 1 99284000 99196000 1 97989000 99483000 98847000 99682000 99189000 
600 200 0.9
99649000 99338000 99145000 99369000 99108000 99676000 1 99433000 99386000 99325000 
600 300 0.4
99735000 99594000 99365000 99791000 99801000 99683000 98610000 98796000 99544000 99536000 
600 300 0.5
99438000 99266000 99755000 99580000 99474000 99473000 99744000 99550000 99617000 99475000 
600 300 0.6
99615000 99752000 99431000 99285000 99484000 99792000 99705000 99395000 99783000 99453000 
600 300 0.7
99548000 99691000 99689000 99521000 99672000 99180000 99555000 99383000 99263000 99556000 
600 300 0.8
99164000 99322000 99206000 99551000 99549000 99198000 99583000 99389000 99371000 99711000 
600 300 0.9
99768000 99586000 1 99702000 99951000 99884000 99554000 99409000 99393000 99311000 