population_size max_generation mutation_prob
100 50 0.0
1 1 1 1 1 1 1 1 1 1 
100 50 0.1
1 1 1 1 1 1 1 1 1 1 
100 50 0.2
1 99129000 1 1 1 1 1 98682000 1 1 
100 50 0.3
1 1 1 1 1 1 98130500 99388000 1 1 
100 50 0.4
99792500 1 1 1 1 1 1 1 1 1 
100 50 0.5
1 1 1 1 1 1 1 1 1 1 
100 50 0.6
1 1 1 1 1 98873000 1 98691000 1 1 
100 50 0.7
1 99536500 1 99343000 1 1 99526000 98480500 1 1 
100 50 0.8
1 1 1 1 1 1 1 1 1 1 
100 50 0.9
1 1 1 99233500 99694000 1 1 1 1 1 
100 100 0.0
1 1 1 1 1 1 1 1 1 1 
100 100 0.1
1 1 1 1 1 1 1 1 1 1 
100 100 0.2
1 1 1 1 1 1 1 1 1 1 
100 100 0.3
1 1 1 1 1 1 1 1 1 1 
100 100 0.4
1 1 99373000 98732000 99745500 1 98489500 1 1 1 
100 100 0.5
1 99379000 1 1 1 1 99199000 1 98821500 1 
100 100 0.6
1 99080500 1 99442500 1 1 1 1 99329000 98482000 
100 100 0.7
1 1 1 1 1 1 1 1 1 1 
100 100 0.8
1 1 1 1 1 1 1 1 1 98480500 
100 100 0.9
1 1 98797000 1 1 1 1 98879000 1 1 
100 150 0.0
1 1 1 1 1 1 1 1 1 1 
100 150 0.1
1 1 98688000 1 1 1 1 1 1 1 
100 150 0.2
1 1 1 98435000 1 1 99218500 1 1 1 
100 150 0.3
1 1 99192500 98729000 1 99685000 1 98980500 1 98985000 
100 150 0.4
1 1 1 1 99736500 1 1 1 1 99270000 
100 150 0.5
98382000 97680500 99480500 99691000 1 1 1 1 99682000 98841000 
100 150 0.6
99271500 1 1 99420000 1 98874500 1 1 1 1 
100 150 0.7
1 1 1 99547000 1 1 99494000 1 1 1 
100 150 0.8
99639500 1 1 99141000 1 1 1 1 98494000 99306500 
100 150 0.9
1 98930500 1 1 98974500 1 1 1 1 1 
100 200 0.0
1 1 1 1 1 1 1 1 1 1 
100 200 0.1
1 1 99341000 99238000 99882000 1 1 1 1 99185000 
100 200 0.2
98730500 99185000 99132000 1 1 1 98391000 99585000 1 1 
100 200 0.3
1 98005000 1 99680500 1 98776000 98870000 98183500 99462500 98920000 
100 200 0.4
1 99236500 98735000 1 1 1 99576000 1 99145500 1 
100 200 0.5
99288000 99191000 99583500 99371500 99280500 1 1 99532000 1 99427500 
100 200 0.6
1 99041000 1 1 1 98589500 1 1 98789500 98495500 
100 200 0.7
1 99680500 99479000 1 1 99536500 1 99380500 99518500 1 
100 200 0.8
99291000 1 1 99290000 98983500 97871500 1 1 99588000 99386500 
100 200 0.9
1 97486500 1 99083500 99385000 1 1 99129000 99432000 1 
100 250 0.0
1 1 1 1 1 1 1 1 1 1 
100 250 0.1
1 1 1 1 1 1 1 99088000 1 1 
100 250 0.2
1 1 1 99245500 99282000 1 98938000 1 99386500 99380500 
100 250 0.3
98535000 1 98888000 99397000 99332000 1 1 98342500 1 99777500 
100 250 0.4
1 99332000 1 98889500 1 1 1 98286500 98432000 99689500 
100 250 0.5
99461000 1 99727500 1 1 1 99561000 1 99817000 1 
100 250 0.6
1 1 1 98785000 1 1 1 1 99477500 97842500 
100 250 0.7
98524500 1 1 1 1 1 1 98576000 1 1 
100 250 0.8
1 99200000 99624500 99080500 98803500 1 1 99091000 1 1 
100 250 0.9
99477500 99035000 98786500 1 1 1 99630500 99538000 1 1 
100 300 0.0
1 1 1 1 1 1 1 1 1 1 
100 300 0.1
99135000 1 1 1 99091000 1 99335000 98855000 1 1 
100 300 0.2
1 1 99382000 1 98691000 99135000 1 1 98085000 1 
100 300 0.3
99435000 1 1 98882000 1 1 99330500 99200500 99223000 1 
100 300 0.4
99042500 99336500 99336500 1 99742500 1 99697000 1 99442500 1 
100 300 0.5
99417000 1 1 1 1 98295500 1 1 99517000 99480500 
100 300 0.6
1 1 99486500 99041000 98735000 1 99106500 98527500 98930500 1 
100 300 0.7
99282000 99335000 99229000 1 1 99664000 1 1 98833500 1 
100 300 0.8
1 1 1 1 97070000 1 99536500 99488000 98800500 1 
100 300 0.9
99235000 97741000 99233500 1 1 99577500 99567000 99482000 99306500 98673000 
100 350 0.0
1 1 1 1 1 1 1 1 1 1 
100 350 0.1
97117000 1 1 1 1 1 99583500 1 1 99671500 
100 350 0.2
1 99435000 1 99121500 1 1 1 99642500 1 99192500 
100 350 0.3
99683500 99088000 98962500 1 1 1 99542500 1 99374500 1 
100 350 0.4
98917000 99577500 1 1 1 1 1 99141000 1 1 
100 350 0.5
99771500 99573000 1 1 99333500 98923000 99036500 1 98538000 1 
100 350 0.6
99345500 99386500 99686500 1 99836500 99338000 99388000 99433500 1 1 
100 350 0.7
1 99233500 99429000 98824500 99165500 99285500 97083500 98680500 1 99583500 
100 350 0.8
99233500 1 99589500 1 98293000 1 99415500 1 98679000 99535000 
100 350 0.9
1 99761000 1 1 98395500 99336500 1 99627500 99514000 99532000 
100 400 0.0
1 1 1 1 1 1 1 1 1 1 
100 400 0.1
1 98785000 99786500 99533500 99418500 1 99547000 98733500 1 99636500 
100 400 0.2
98694000 98765500 99082000 99136500 1 1 99389500 1 99226000 1 
100 400 0.3
98836500 1 1 99327500 99745500 98765500 99483500 99139500 99382000 98794000 
100 400 0.4
1 98733500 99338000 99432000 1 99786500 1 98359500 98944000 97880500 
100 400 0.5
99244000 99777500 1 99182000 98780500 99397000 99055000 99532000 1 1 
100 400 0.6
1 99438000 1 98630500 98835000 99480500 99289500 99218500 1 99371500 
100 400 0.7
98480500 1 99089500 99536500 1 99286500 98383500 1 99241000 1 
100 400 0.8
98983500 1 1 98536500 99482000 1 1 1 98795500 99452000 
100 400 0.9
1 99389500 1 1 1 97145500 1 1 98886500 98618500 
100 450 0.0
1 1 1 1 1 1 1 1 1 1 
100 450 0.1
1 99321500 1 99482000 1 97027500 99336500 1 1 99689500 
100 450 0.2
99245500 99289500 1 1 99420000 99532000 99836500 1 99723000 99636500 
100 450 0.3
1 97186500 98941000 99545500 98588500 99376000 98785000 99183500 99541000 1 
100 450 0.4
99294500 1 99133500 1 1 99523000 99280500 99680500 99162500 1 
100 450 0.5
99180500 99032000 1 1 99132000 99429000 99291000 99541000 99253500 98135500 
100 450 0.6
1 99541000 99179000 1 99036500 99644000 99035000 99336500 99574500 99185000 
100 450 0.7
1 98795500 1 98341500 99179000 1 99362500 1 99186500 98783500 
100 450 0.8
99544000 98262500 99582000 99030500 99412500 99483500 98933500 1 99080500 99591000 
100 450 0.9
1 1 98882000 1 99429000 99335000 99389500 99229000 98826000 98835000 
200 50 0.0
1 1 1 1 1 1 1 1 1 1 
200 50 0.1
1 1 99439500 1 1 1 1 1 1 1 
200 50 0.2
1 1 1 1 1 1 1 1 1 1 
200 50 0.3
1 1 99742500 1 1 98891000 1 99439500 1 1 
200 50 0.4
99515500 1 1 1 1 99639500 1 1 1 1 
200 50 0.5
99345500 1 1 98924500 1 1 1 1 1 99689500 
200 50 0.6
1 1 98641000 1 1 1 1 98783500 1 1 
200 50 0.7
1 1 1 1 99229000 1 1 1 1 98585000 
200 50 0.8
99091000 1 1 1 1 1 97288000 1 99391000 1 
200 50 0.9
1 1 1 99492500 1 1 98986500 1 1 98141500 
200 100 0.0
1 1 1 1 1 1 1 1 1 1 
200 100 0.1
1 99532000 1 1 1 1 1 1 1 1 
200 100 0.2
98939500 1 99992500 99717000 99588000 99606500 1 1 99489500 1 
200 100 0.3
1 1 99050000 97571500 1 1 99883500 1 1 99821500 
200 100 0.4
1 1 1 1 1 1 98774500 99638000 1 1 
200 100 0.5
1 99445500 98876000 99438000 1 99139500 1 1 1 99636500 
200 100 0.6
1 1 99233500 1 1 1 1 1 99412500 99333500 
200 100 0.7
98842500 98988000 99217000 99379000 1 98962500 1 99386500 99424500 1 
200 100 0.8
1 99589500 99386500 99632000 1 1 99292500 99483500 99036500 99586500 
200 100 0.9
1 1 99242500 99388000 1 1 1 1 1 99641000 
200 150 0.0
1 1 1 1 1 1 1 1 1 1 
200 150 0.1
99332000 1 99683500 1 99333500 1 99177500 1 1 99445500 
200 150 0.2
1 99883500 1 1 99685000 1 98624500 1 99679000 1 
200 150 0.3
1 99289500 99285000 1 99829000 1 99227500 99342500 1 99103500 
200 150 0.4
99742500 1 99289500 1 98983500 1 1 99232000 1 1 
200 150 0.5
98970000 1 99009500 99479000 98821500 1 1 99641000 99483500 1 
200 150 0.6
99292500 99789500 1 99182000 1 1 1 1 99674500 1 
200 150 0.7
1 97842500 98571500 99215500 99489500 99432000 98877500 99538000 98868500 98929000 
200 150 0.8
1 99291000 1 1 99630500 1 99232000 99636500 1 99382000 
200 150 0.9
1 1 1 1 1 1 1 99691000 98976000 1 
200 200 0.0
1 1 1 1 1 1 1 1 1 1 
200 200 0.1
1 1 98402000 1 1 1 1 1 1 1 
200 200 0.2
1 1 99336500 1 1 99436500 98995500 99436500 1 1 
200 200 0.3
99283500 99229000 1 99435000 99488000 1 99345500 99029000 99068500 97483500 
200 200 0.4
99588000 98476000 1 99102000 97729000 99586500 1 99524500 99586500 1 
200 200 0.5
99176000 99238000 98939500 99189500 1 99523000 99533500 99335000 99586500 99444000 
200 200 0.6
98698500 97883500 98836500 1 98545500 1 99336500 99321500 98989500 99889500 
200 200 0.7
99164000 1 98979000 98786500 1 1 99583500 99294000 99332000 99233500 
200 200 0.8
99762500 1 97880500 1 1 1 99336500 99479000 99232000 98765500 
200 200 0.9
99427500 99282000 99586500 99279000 99583500 96321500 99473000 99077500 1 98718500 
200 250 0.0
1 1 1 1 1 1 1 1 1 1 
200 250 0.1
1 1 99632000 1 1 1 99483500 1 98885000 99629000 
200 250 0.2
1 99780500 98677500 99235000 1 99477500 1 1 99239500 1 
200 250 0.3
1 99085000 1 99186500 99292500 99386500 1 99497000 99482000 98833500 
200 250 0.4
98974500 99588000 1 98676000 99026000 1 98780500 1 1 99286500 
200 250 0.5
98942500 99236500 99335000 1 1 99341000 1 1 99517000 99486500 
200 250 0.6
98835000 99541000 1 1 1 99086500 99559500 1 1 99294000 
200 250 0.7
99335000 99292500 1 1 99633500 98932000 99679000 99694000 99435000 1 
200 250 0.8
99132000 99424500 99389500 99185000 98915500 99232000 1 1 1 99683500 
200 250 0.9
99527500 99182000 99491000 98882000 99391000 99536500 1 99158000 99317000 99195500 
200 300 0.0
1 1 1 1 1 1 1 1 1 1 
200 300 0.1
98038000 99523000 99780500 99236500 99035000 1 1 1 99274500 1 
200 300 0.2
99380500 99297500 1 1 1 99686500 98888000 1 99530500 99283500 
200 300 0.3
99035000 99383500 99423000 99482000 99311000 99830500 1 1 99482000 1 
200 300 0.4
99438000 99615500 98547500 99845500 1 1 99482000 1 99742500 99692500 
200 300 0.5
99541000 1 1 99541000 1 98392500 1 99538000 99565500 99468500 
200 300 0.6
98991000 99388000 1 99783500 99380500 99029000 98982000 99742500 99235000 99405000 
200 300 0.7
99530500 97977500 99635000 97329000 1 1 99065500 99694000 99279000 99526000 
200 300 0.8
99381000 1 99642500 99339500 99586500 1 1 99583500 98842500 1 
200 300 0.9
99336500 99029000 1 99485000 1 99320000 1 99767000 99139500 99491000 
200 350 0.0
1 1 1 1 1 1 1 1 1 1 
200 350 0.1
1 99282000 1 99789500 1 1 99165500 1 99388000 1 
200 350 0.2
1 1 97535000 1 98979000 98918500 99585000 1 1 1 
200 350 0.3
99423000 1 99533500 99332000 1 1 99439500 98880500 99477500 1 
200 350 0.4
98726000 99377500 1 99402000 99432000 98630500 99429000 1 99238000 1 
200 350 0.5
99485000 99777500 99440000 98738000 99476000 98624500 99880500 99783500 99389500 1 
200 350 0.6
99574500 1 99435000 99541000 99445500 99445500 1 99583500 1 99379000 
200 350 0.7
99694000 99085000 99539500 98977500 99442500 99473000 1 99376000 99633500 99032000 
200 350 0.8
99420000 99791000 1 99683500 99226000 99338000 1 1 98883500 1 
200 350 0.9
98585000 99329000 1 99585000 1 99723000 99683500 99536500 99576000 99330500 
200 400 0.0
1 1 1 1 1 1 1 1 1 1 
200 400 0.1
1 99636500 99535000 1 99776000 99435000 99174500 99488000 99579000 99226000 
200 400 0.2
1 99726000 99523000 99480500 99627500 1 99474500 99589500 1 1 
200 400 0.3
99167000 99636500 99094000 99588000 1 97695500 99770000 99335000 98980500 99738000 
200 400 0.4
99441000 99230500 99724500 99686500 99003500 98535000 99489500 99380500 99032000 99783500 
200 400 0.5
99385000 99176000 99544000 99686500 99676000 99586500 99688000 99171500 99535000 1 
200 400 0.6
98286500 99491000 99635000 99636500 99692500 99730500 99341000 99476000 99485000 99700500 
200 400 0.7
99589500 1 99638000 99185000 99723000 99591000 99438000 99188000 99183500 99341000 
200 400 0.8
99674500 1 99476000 98892500 99592500 99645500 98880500 99738000 99136500 99379000 
200 400 0.9
99641000 99839500 99535500 99485000 98949000 99786500 99214000 99677500 99477500 99570000 
200 450 0.0
1 1 1 1 1 1 1 1 1 1 
200 450 0.1
98941500 1 1 99491000 1 99594000 99391000 99139500 99291000 1 
200 450 0.2
99541000 99685000 98485000 99589500 1 99533500 99823000 99589500 99733500 99036500 
200 450 0.3
99521500 1 99520000 99480500 99277500 98689500 99485000 99430500 99415500 1 
200 450 0.4
99530500 99765500 98915500 98383500 99735000 99783500 98933500 1 99530500 1 
200 450 0.5
99788000 99192500 99486500 99938000 97641000 1 99485000 99230500 99173000 98644000 
200 450 0.6
99724500 99576000 99685000 98942500 99089500 99132000 98786500 99139500 98268500 99577500 
200 450 0.7
99288000 99279000 98736500 99138000 99267000 98739500 98996000 99630500 99489500 99830500 
200 450 0.8
99230500 99824500 99633500 99283500 99618500 99288000 99309500 99241000 99659500 99930500 
200 450 0.9
99539500 99380500 98938000 99624500 99171500 99242500 99541000 99539500 98944500 99333500 
300 50 0.0
1 1 1 1 1 1 1 1 1 1 
300 50 0.1
1 1 1 1 99642500 1 1 98724500 1 1 
300 50 0.2
1 1 1 1 1 99477500 1 1 1 98914000 
300 50 0.3
98945500 99718500 99470000 1 1 1 1 1 1 1 
300 50 0.4
1 1 99385000 1 1 1 1 1 1 1 
300 50 0.5
1 99264000 1 1 1 98989500 99238000 1 99388000 99718500 
300 50 0.6
1 99127500 1 1 99389500 1 98989500 1 99529000 99441000 
300 50 0.7
1 1 99773000 1 99265500 98791000 1 1 1 1 
300 50 0.8
1 1 1 1 98980500 1 99238000 1 1 1 
300 50 0.9
98583500 1 1 1 1 1 1 1 1 99132000 
300 100 0.0
1 1 1 1 1 1 1 1 1 1 
300 100 0.1
99489500 1 99489500 99486500 1 98683500 99921500 99788000 1 99038000 
300 100 0.2
1 99768500 1 99617000 1 99059500 1 1 98895500 1 
300 100 0.3
99524500 1 98495500 1 1 98344000 99371500 99423000 97989500 99609500 
300 100 0.4
1 1 99482000 1 98615500 99182000 99050500 98964000 97420000 1 
300 100 0.5
1 1 1 1 1 99276000 1 1 99132000 1 
300 100 0.6
1 1 99433500 97230500 1 97958000 98982000 99836500 99438000 99359500 
300 100 0.7
1 1 99527500 99626000 1 1 98373000 99194000 98989500 98179000 
300 100 0.8
99591000 1 1 99636500 99730500 1 1 1 1 97727500 
300 100 0.9
99379000 99236500 1 1 99103500 98742500 1 99371500 1 1 
300 150 0.0
1 1 1 1 1 1 1 1 1 1 
300 150 0.1
99438000 1 1 1 1 1 99188000 1 99158000 98626000 
300 150 0.2
99138000 97786500 1 1 99092500 1 99389500 1 1 1 
300 150 0.3
1 99292500 99029000 1 99082000 99282000 1 1 99485000 99270000 
300 150 0.4
99380500 99339500 99374500 99012500 1 98586500 1 1 99438000 1 
300 150 0.5
98580500 99135000 1 98476000 99338000 99735000 99259500 1 1 1 
300 150 0.6
99096000 99236500 99391000 1 1 1 99476000 99233500 99344000 99176000 
300 150 0.7
1 99565500 98577500 99438000 99783500 1 1 99235000 99282000 99280500 
300 150 0.8
99489500 1 99470000 99627500 98770000 1 98094000 99644000 98933500 99671500 
300 150 0.9
98885000 99583500 98435000 99242500 99444000 99674500 99483500 98091000 1 98327500 
300 200 0.0
1 1 1 1 1 1 1 1 1 1 
300 200 0.1
1 1 1 1 98805000 1 99629000 99236500 97820000 1 
300 200 0.2
99535000 99135000 1 99294000 99736500 99436500 99189500 1 99385000 1 
300 200 0.3
1 1 99561000 99685000 96986500 1 99633500 99329000 99576000 99718500 
300 200 0.4
99524500 1 99088000 99282000 1 99270000 99085000 98838000 1 99234000 
300 200 0.5
99732000 99379000 99579000 1 1 99292500 98989500 99485000 99538000 99624500 
300 200 0.6
1 99633500 99439500 99182000 99109500 99586500 99535000 99717000 99639500 99094000 
300 200 0.7
99524500 99467000 98541000 99523000 99527500 99538000 99792500 99508000 1 99382000 
300 200 0.8
99586500 99880500 99630500 99282000 99483500 99341000 99441000 99238000 99721500 99430500 
300 200 0.9
1 99492500 99638000 98191000 99168500 97859500 99432000 99211000 99535000 1 
300 250 0.0
1 1 1 1 1 1 1 1 1 1 
300 250 0.1
1 99441000 1 99179000 99486500 1 1 99539500 1 1 
300 250 0.2
99782000 1 99642500 99364000 1 99641000 1 1 1 98735000 
300 250 0.3
99185000 99621500 1 99494000 99509500 99836500 99186500 98976000 99532000 1 
300 250 0.4
99382000 1 1 99138000 99467000 99286500 98874500 1 99624500 99776000 
300 250 0.5
99770000 99586500 99338000 99435000 98723000 99879000 99586500 99521500 99432000 99583500 
300 250 0.6
99220000 97688000 99641000 98915500 99671500 99586500 99362500 99735000 99388000 1 
300 250 0.7
1 99141000 99647000 99541000 99079000 99812500 99585000 98717000 99186500 99333500 
300 250 0.8
1 99430500 98839500 99771500 99638000 98820000 99038000 99268500 99539500 1 
300 250 0.9
99191000 98727500 99686500 99688000 99186500 99776000 99692500 99723000 99527500 99377500 
300 300 0.0
1 1 1 1 1 1 1 1 1 1 
300 300 0.1
1 1 1 98185000 99568500 1 1 1 1 99486500 
300 300 0.2
1 99014000 99279000 99191000 99344000 99677500 99027500 1 99833500 99739500 
300 300 0.3
99697500 99487000 99532000 99523000 99915500 99327500 99432000 1 99542500 1 
300 300 0.4
99346000 99186500 99635000 99453500 99632000 1 1 98742500 99277500 99198500 
300 300 0.5
99038000 99789500 1 96594000 98935000 99153500 1 99327500 99435000 99477500 
300 300 0.6
1 99286500 97132000 99380500 98939500 99839500 99642500 97779000 99820000 99141000 
300 300 0.7
99532000 99530500 99362500 99185000 1 98438000 99282000 99544000 99435000 1 
300 300 0.8
99585000 99639500 99612500 99327500 99140000 99894000 99624500 99480500 99033500 97773000 
300 300 0.9
99621500 99185000 98938000 99439500 1 99836500 99739500 99686500 99591000 97915500 
300 350 0.0
1 1 1 1 1 1 1 1 1 1 
300 350 0.1
1 99592500 98812500 99285000 99323000 99423000 99461000 97839500 99470000 1 
300 350 0.2
99285000 99691000 1 99080500 99739500 99188000 99720000 98586500 99591000 99692500 
300 350 0.3
1 99591000 99388000 99531000 99838000 99085000 99432000 99186500 99739500 99286500 
300 350 0.4
99592500 99591000 99885000 99447500 99591000 1 99439500 98895500 99388000 99336500 
300 350 0.5
99533500 99238000 99591000 98992500 99583500 99305000 99146000 1 99780500 99386500 
300 350 0.6
99400500 99452000 99688000 99783500 99574500 99329000 99191000 99429000 99442500 99615500 
300 350 0.7
99635000 99197500 99485000 99492500 99738000 99633500 98967000 99079000 99541000 99286500 
300 350 0.8
98880500 1 99305000 99270000 99042500 99330500 99482000 99445500 99791000 99238000 
300 350 0.9
99183500 99538000 99670000 99330500 99647000 99680500 99326000 99279000 99294000 99527500 
300 400 0.0
1 1 1 1 1 1 1 1 1 1 
300 400 0.1
1 1 99744000 1 1 1 1 99732000 99782000 99588000 
300 400 0.2
1 99735000 98527500 99329000 99341000 99253500 99646000 99686500 98036500 99588000 
300 400 0.3
99677500 99539500 99218500 99485000 99642500 99585000 99374500 99861000 99636500 99582000 
300 400 0.4
99685000 99636500 99582000 99691000 99462500 99838000 99536500 99564000 99279000 98395500 
300 400 0.5
99220000 99844000 99336500 99642500 99382000 99539500 99136500 99630500 99580500 99532000 
300 400 0.6
99780500 99383500 99576000 99542500 99686500 99526000 99630500 99641000 99686500 99746000 
300 400 0.7
99330500 99489500 99782000 99538000 99385000 99126000 99830500 99488000 99295500 99459500 
300 400 0.8
99462500 99447000 99835000 99629000 99483500 99242500 99341000 99580500 99379000 98383500 
300 400 0.9
99189500 99282000 1 99377500 99427500 99630500 1 99455000 99482000 99739500 
300 450 0.0
1 1 1 1 1 1 1 1 1 1 
300 450 0.1
1 99679000 99586500 99567000 1 1 98283500 99430500 99323000 99686500 
300 450 0.2
99139500 99543000 99715500 99838000 99335000 99682000 99077500 99489500 99527500 1 
300 450 0.3
99039500 99320000 99889500 99591000 99518500 99630500 99264000 99377500 99582000 99694000 
300 450 0.4
99341000 99539500 99733500 99738000 99644000 98738000 99645500 98858000 99674500 99471500 
300 450 0.5
99592500 99680500 99838000 99491000 99421500 99444000 98629000 99339500 99389500 99827500 
300 450 0.6
99526000 1 99785000 99689500 99539500 99842500 99444500 99627500 99521500 99823000 
300 450 0.7
99533500 99489500 99823000 99374500 99495500 99629000 99483500 99636500 99735000 99582000 
300 450 0.8
99629000 99489500 99538000 99635000 99709500 99071500 99576000 98988000 99389500 99088000 
300 450 0.9
99538000 99209500 99823000 99433500 99574500 99676000 99667000 99592500 99183500 99579000 
400 50 0.0
1 1 1 1 1 1 1 1 1 1 
400 50 0.1
1 1 1 1 1 1 1 1 1 99438000 
400 50 0.2
1 1 1 1 1 1 1 1 1 99333500 
400 50 0.3
99436500 99138000 1 1 97915500 1 1 1 1 1 
400 50 0.4
1 1 1 99012500 98591000 99644000 99236500 1 98435000 1 
400 50 0.5
99636500 98988000 99780500 99591000 1 1 1 1 1 1 
400 50 0.6
1 1 98929000 1 1 99059500 1 99238000 99180500 1 
400 50 0.7
99586500 99206500 99386500 99277500 98633500 99467000 1 99538000 99038000 1 
400 50 0.8
1 1 99392500 99141000 1 1 1 99417000 99579000 1 
400 50 0.9
98579000 99509500 1 1 98523000 1 98733500 1 1 1 
400 100 0.0
1 1 1 1 1 1 1 1 1 1 
400 100 0.1
1 1 1 1 1 1 1 1 1 1 
400 100 0.2
99386500 1 1 1 98124500 98018500 1 1 1 99359500 
400 100 0.3
99335000 1 99683500 1 99488000 99473000 1 1 99517000 1 
400 100 0.4
1 1 98744000 99135000 99341000 99591000 1 99342500 99442500 99239500 
400 100 0.5
1 99380500 99432000 1 99288000 99474500 98517000 99539500 99429000 1 
400 100 0.6
99277500 99468500 1 1 1 98917000 1 1 99189500 1 
400 100 0.7
1 97691000 1 98753500 99695500 1 99341500 1 98644000 1 
400 100 0.8
99230500 1 99539500 99579000 1 1 1 1 97289500 1 
400 100 0.9
1 99177500 1 99227500 1 99064000 98771500 99218500 1 98082000 
400 150 0.0
1 1 1 1 1 1 1 1 1 1 
400 150 0.1
1 1 1 1 99173000 1 1 1 1 98842500 
400 150 0.2
99780500 1 99321500 99430500 1 1 98261000 99111000 99438000 99624500 
400 150 0.3
99586500 99338500 99435000 98270000 1 99185000 99476000 1 99583500 98635000 
400 150 0.4
99345500 1 98792500 99789500 99094500 99389500 98961000 99138000 99521500 99644000 
400 150 0.5
99471500 99538000 1 99533500 99579000 99567000 99583500 98736500 99327500 99676000 
400 150 0.6
99589500 1 99486500 99632000 1 99191000 1 99535000 1 99732000 
400 150 0.7
99688000 99768500 99086500 99370000 99288000 99430500 99629000 99692500 1 1 
400 150 0.8
99088000 99221500 98797000 99167000 99590000 99183500 99423000 98742500 99698500 99324500 
400 150 0.9
1 99433500 99589500 99435000 99729000 98885000 99645500 99526000 99133500 1 
400 200 0.0
1 1 1 1 1 1 1 1 1 1 
400 200 0.1
99121500 1 1 99396000 1 1 99239500 1 1 1 
400 200 0.2
98833500 98232000 99885000 99588000 99361000 99839500 99724500 99536500 99862500 99736500 
400 200 0.3
99577500 1 99138000 99588000 1 1 98989500 99836500 98188000 99333500 
400 200 0.4
99489500 1 1 1 1 98633500 1 99738000 99379000 99632000 
400 200 0.5
99239500 99488000 99118500 1 99339500 99668500 99339500 99729000 98776000 99444000 
400 200 0.6
1 99435000 99442500 99724500 99679000 1 1 99365500 1 99336500 
400 200 0.7
99495500 99582000 98997000 1 99235000 99532000 97276000 99723000 99536500 99441000 
400 200 0.8
99333500 99336500 99735000 98888000 99076000 99462500 99224500 99274500 99405000 99395500 
400 200 0.9
99585000 99524500 99030500 98838000 99639500 99191000 99320000 99286500 1 1 
400 250 0.0
1 1 1 1 1 1 1 1 1 1 
400 250 0.1
98685000 1 99241000 98547500 99533500 99427500 1 99283500 99385000 1 
400 250 0.2
99536500 99714000 1 99782000 99265500 99689500 99639500 98541000 99583500 99727500 
400 250 0.3
99745500 99527500 99430500 99341000 98777500 99720000 99683500 1 99788000 1 
400 250 0.4
1 99742500 99168500 99585000 99389500 99183500 98805000 99455000 99442500 1 
400 250 0.5
1 99232000 99688000 99362500 99491000 99623000 99486500 99447000 99438000 1 
400 250 0.6
99442500 1 99612500 98956500 99074500 98182000 99445500 99192500 99124500 99926000 
400 250 0.7
99591000 99682000 99638000 99376000 99286500 99630500 99821500 99892500 99336500 99023000 
400 250 0.8
99420000 99289500 99577500 99421500 99533500 99389500 97574500 99135000 99532000 99433500 
400 250 0.9
99715500 99694000 99271500 99391000 99564000 98783500 99735000 99491000 99638000 99723000 
400 300 0.0
1 1 1 1 1 1 1 1 1 1 
400 300 0.1
98986500 1 99588000 99391000 99480500 1 99285000 99368500 99574500 1 
400 300 0.2
99532000 99779000 99464000 98976000 97792500 99595500 1 97492500 1 99221500 
400 300 0.3
99439500 99432000 99636500 99479000 99486500 99195500 98761000 99088000 99636500 99180500 
400 300 0.4
98382000 99467000 99470000 99639500 98936500 99689500 99342500 99433500 98795500 99839500 
400 300 0.5
99374500 98733500 99533500 99514000 99692500 99491000 99076000 99733500 99491000 99242500 
400 300 0.6
99782000 99383500 99541000 99589500 99733500 1 99670000 99730500 99444000 98730500 
400 300 0.7
99445500 99089500 99442500 99542500 99639500 99482000 99730500 99382000 99585000 99585000 
400 300 0.8
99130500 99486500 99059500 99723000 99547000 99421500 99688000 99586500 97688000 99538000 
400 300 0.9
99639500 1 99523000 99695500 99483500 99174500 99530500 99591000 99639500 98712500 
400 350 0.0
1 1 1 1 1 1 1 1 1 1 
400 350 0.1
1 98321500 1 98745500 99576000 1 99223000 99489500 1 99486500 
400 350 0.2
98692500 99439500 1 1 99512500 99505000 99480500 99189500 99480500 99485000 
400 350 0.3
99265500 99436500 99568500 99542500 99435000 99243000 99133500 99736500 99482000 99529000 
400 350 0.4
99039500 99644000 99589500 99441000 99385000 99491000 99432000 99420000 99489500 99785000 
400 350 0.5
99489500 99685000 99692500 99011000 99683500 99782000 99639500 99812500 99871500 98768500 
400 350 0.6
99642500 99683500 99685000 1 99488000 99591000 99532000 98986500 99777500 99794000 
400 350 0.7
99339500 99427500 99642500 99329000 99586500 99689500 99847000 99444000 99632000 99517000 
400 350 0.8
99532000 99536500 98232000 99483500 99638000 99514000 99536500 99686500 99733500 99633500 
400 350 0.9
98439500 99777500 99479000 99777500 99441000 99536500 98162500 99797000 99268500 99791000 
400 400 0.0
1 1 1 1 1 1 1 1 1 1 
400 400 0.1
1 1 99689500 99421500 1 98983500 98921500 97776000 99638500 99394000 
400 400 0.2
99844000 99632000 99571500 99186500 99630500 99686500 99535000 99827500 99561000 99385000 
400 400 0.3
99294500 99276000 99186500 99336500 99744000 99590000 99233500 99567000 99382000 99508000 
400 400 0.4
99530500 99838000 99686500 99277500 99577500 99683500 99761000 99523000 99636500 99623000 
400 400 0.5
99573000 99624500 99735000 99391000 99786500 99330500 99533500 99224500 99141000 99588000 
400 400 0.6
99536500 99529000 99526000 99703500 99739500 99239500 99738000 99238000 99688000 99429000 
400 400 0.7
99386500 99686500 99835000 99338000 