population_size max_generation mutation_prob
100 100 0.4
1 1 98734000 1 1 1 1 99375000 1 98584000 
100 100 0.5
99536000 1 97781000 99298000 1 1 99383000 1 99657000 97837000 
100 100 0.6
1 1 97227000 1 1 99400000 1 1 1 1 
100 100 0.7
1 1 1 1 99335000 1 1 1 1 98641000 
100 100 0.8
99506000 1 1 99319000 1 99647000 1 1 1 1 
100 100 0.9
99268000 1 1 1 1 1 1 1 1 1 
100 200 0.4
1 1 1 1 1 1 1 1 99691000 99104000 
100 200 0.5
1 99076000 98516000 1 98779000 99429000 1 1 1 98780000 
100 200 0.6
1 99521000 98863000 1 99393000 1 1 1 99368000 1 
100 200 0.7
1 99446000 1 1 1 99313000 1 1 99265000 99232000 
100 200 0.8
99446000 1 1 1 98789000 99066000 99072000 1 99398000 98730000 
100 200 0.9
99253000 99748000 98617000 98964000 99309000 99226000 99519000 99185000 1 1 
100 300 0.4
98617000 99002000 99706000 99157000 98961000 1 99649000 98974000 99289000 1 
100 300 0.5
99193000 99796000 99414000 1 98953000 98371000 1 1 1 1 
100 300 0.6
99694000 99340000 1 99337000 1 99051000 99507000 99334000 1 99579000 
100 300 0.7
1 1 99676000 97175000 98558000 1 99759000 1 1 1 
100 300 0.8
1 99109000 1 99141000 99384000 99271000 1 99593000 1 99075000 
100 300 0.9
98502000 1 99219000 99508000 1 1 97893000 99598000 98955000 99090000 
300 100 0.4
1 99445000 1 1 99703000 1 99224000 99480000 98927000 1 
300 100 0.5
99432000 1 1 99105000 99862000 99118000 99073000 99231000 99075000 1 
300 100 0.6
1 1 1 99173000 99551000 99231000 1 98676000 98616000 1 
300 100 0.7
99646000 99081000 1 99666000 98970000 99194000 1 99693000 1 99369000 
300 100 0.8
1 1 99380000 1 1 99285000 99219000 99400000 99442000 98918000 
300 100 0.9
98663000 1 99109000 1 99437000 1 1 1 98136000 99551000 
300 200 0.4
99451000 99319000 99556000 1 99530000 98994000 1 98766000 99076000 99470000 
300 200 0.5
99237000 99670000 99063000 99263000 99065000 99020000 98200000 1 1 99571000 
300 200 0.6
99597000 98775000 1 97681000 99513000 99405000 99544000 1 1 1 
300 200 0.7
98746000 99642000 99593000 1 99379000 99311000 1 97430000 98763000 98795000 
300 200 0.8
99468000 99167000 1 98949000 1 1 99627000 1 1 99176000 
300 200 0.9
99666000 98582000 99451000 99603000 99429000 99701000 96914000 99277000 99472000 1 
300 300 0.4
99633000 1 99000000 99484000 98883000 98517000 99090000 1 99131000 99567000 
300 300 0.5
99466000 99271000 99428000 99426000 99702000 99189000 99707000 99115000 98568000 1 
300 300 0.6
99388000 99732000 99523000 99393000 99305000 99061000 99144000 99683000 99362000 99738000 
300 300 0.7
99446000 99495000 99624000 99735000 98764000 99682000 98200000 98895000 99487000 99527000 
300 300 0.8
99337000 99223000 99612000 98870000 1 99533000 99499000 99656000 99213000 99369000 
300 300 0.9
99250000 99168000 99643000 98976000 99649000 99402000 99744000 99640000 99890000 99690000 
500 100 0.4
99063000 1 99226000 99079000 99396000 1 99585000 99421000 99417000 99524000 
500 100 0.5
99565000 1 1 1 99494000 99529000 1 99478000 1 99473000 
500 100 0.6
99412000 99477000 99382000 99334000 99686000 1 1 99501000 1 99439000 
500 100 0.7
1 98140000 99167000 99630000 1 1 99111000 99458000 99244000 1 
500 100 0.8
1 98969000 1 1 99475000 1 99480000 99040000 99375000 99600000 
500 100 0.9
1 1 1 1 1 99271000 99733000 1 99681000 1 
500 200 0.4
99504000 99440000 99383000 99423000 99526000 99270000 98923000 99122000 99376000 99698000 
500 200 0.5
99342000 99294000 99478000 99468000 99311000 99117000 99372000 99631000 99159000 99453000 
500 200 0.6
99466000 99116000 99313000 99792000 99372000 98598000 1 99132000 1 99659000 
500 200 0.7
97745000 99250000 99650000 99704000 99555000 99366000 99593000 99395000 99642000 99752000 
500 200 0.8
99422000 99442000 99085000 99356000 99493000 99695000 99322000 99464000 99161000 99354000 
500 200 0.9
99647000 99833000 99549000 99477000 99288000 99691000 99738000 99596000 99237000 99740000 
500 300 0.4
98943000 99464000 99518000 99543000 99501000 99728000 99908000 98926000 98747000 99570000 
500 300 0.5
99111000 99427000 98164000 99284000 99685000 99604000 99568000 99449000 99533000 99368000 
500 300 0.6
99538000 99458000 99417000 99538000 99631000 99708000 99282000 99526000 99664000 99481000 
500 300 0.7
1 98751000 99468000 99390000 99688000 99341000 99557000 99680000 99647000 99562000 
500 300 0.8
99317000 99550000 99782000 99650000 99442000 99744000 1 99161000 99528000 99190000 
500 300 0.9
99424000 99201000 99110000 99250000 99536000 99724000 99551000 99014000 99380000 99480000 